lastAccountName: moussaka
timestamps:
  login: 1538324373380
  logout: 1538325687213
ipAddress: 24.44.228.186
logoutlocation:
  world: world
  x: 69.30000001192093
  y: 71.0
  z: 292.8168523019342
  yaw: -220.34912
  pitch: 50.549915
