lastlocation:
  world: world
  x: 74.5
  y: 69.0
  z: 236.5
  yaw: 1.6324127
  pitch: 0.0
lastAccountName: MrBulgen
timestamps:
  login: 1538329685552
  kits:
    shovel: 1538325930548
  logout: 1538325943951
ipAddress: 24.44.228.186
logoutlocation:
  world: world
  x: 48.992027516449454
  y: 71.0
  z: 184.1353080308553
  yaw: -275.39957
  pitch: 26.849987
